1708584634966 0.078125 0
1708584636959 0.28125 1
1708584639062 0.515625 2
1708584641030 0.5625 3
1708584643172 0.703125 4
1708584645548 0.671875 5
1708584647944 0.703125 6
1708584650345 0.75 7
1708584652848 0.71875 8
1708584655127 0.765625 9
1708584658265 0.765625 0
1708584660566 0.6875 2
1708584662865 0.828125 4
1708584665152 0.71875 6
1708584667455 0.65625 8
1708584669833 0.765625 10
1708584672402 0.6875 12
1708584674872 0.765625 14
1708584677156 0.734375 16
1708584679605 0.75 18
1708584682770 0.8125 0
1708584685248 0.734375 3
1708584687661 0.828125 6
1708584689951 0.71875 9
1708584692221 0.65625 12
1708584694497 0.796875 15
1708584696845 0.71875 18
1708584699162 0.78125 21
1708584701406 0.71875 24
1708584703682 0.75 27
