1708584634954 2.300889 0
1708584636952 2.191515 1
1708584639050 1.974824 2
1708584641022 1.726226 3
1708584643161 1.227332 4
1708584645534 1.051723 5
1708584647932 0.953616 6
1708584650332 0.781609 7
1708584652837 0.810692 8
1708584655117 0.809149 9
1708584658253 0.681461 0
1708584660556 0.785162 2
1708584662855 0.504351 4
1708584665140 0.792649 6
1708584667444 0.677661 8
1708584669821 0.684424 10
1708584672392 0.717387 12
1708584674862 0.643325 14
1708584677145 0.678502 16
1708584679595 0.668855 18
1708584682755 0.52174 0
1708584685236 0.649547 3
1708584687649 0.421975 6
1708584689941 0.700447 9
1708584692210 0.626943 12
1708584694486 0.628844 15
1708584696835 0.64335 18
1708584699151 0.630294 21
1708584701393 0.675056 24
1708584703670 0.588725 27
