1708585246500 0.078125 0
1708585248247 0.234375 1
1708585250015 0.296875 2
1708585251775 0.625 3
1708585253491 0.65625 4
1708585255270 0.671875 5
1708585257058 0.734375 6
1708585259490 0.765625 7
1708585262385 0.6875 8
1708585264791 0.734375 9
1708585268364 0.75 0
1708585270779 0.6875 2
1708585273397 0.828125 4
1708585275842 0.734375 6
1708585278302 0.671875 8
1708585280751 0.78125 10
1708585283046 0.71875 12
1708585285269 0.796875 14
1708585287452 0.75 16
1708585289815 0.75 18
1708585292934 0.8125 0
1708585295075 0.734375 3
1708585297205 0.828125 6
1708585299375 0.765625 9
1708585301544 0.703125 12
1708585303727 0.796875 15
1708585305962 0.75 18
1708585308133 0.796875 21
1708585310339 0.734375 24
1708585312472 0.765625 27
