1708585246490 2.307347 0
1708585248240 2.260489 1
1708585250006 2.148613 2
1708585251768 1.988624 3
1708585253483 1.545142 4
1708585255261 1.192218 5
1708585257048 1.036019 6
1708585259480 0.840286 7
1708585262364 0.846088 8
1708585264778 0.844589 9
1708585268353 0.745366 0
1708585270769 0.825569 2
1708585273382 0.540961 4
1708585275832 0.804308 6
1708585278286 0.703269 8
1708585280737 0.688437 10
1708585283036 0.717537 12
1708585285259 0.643442 14
1708585287441 0.694339 16
1708585289804 0.687619 18
1708585292924 0.570494 0
1708585295064 0.656404 3
1708585297194 0.445468 6
1708585299364 0.707807 9
1708585301532 0.659325 12
1708585303716 0.633599 15
1708585305949 0.641701 18
1708585308122 0.629887 21
1708585310329 0.701906 24
1708585312460 0.601276 27
