1708585569251 0.0 0
1708585571168 0.140625 1
1708585573229 0.359375 2
1708585575230 0.5625 3
1708585577193 0.59375 4
1708585580099 0.640625 5
1708585582697 0.640625 6
1708585585221 0.75 7
1708585587720 0.734375 8
1708585590094 0.78125 9
1708585593438 0.75 0
1708585596084 0.703125 2
1708585598697 0.828125 4
1708585601002 0.6875 6
1708585603474 0.6875 8
1708585605815 0.75 10
1708585608258 0.734375 12
1708585610721 0.765625 14
1708585612992 0.703125 16
1708585615386 0.765625 18
1708585618956 0.84375 0
1708585621341 0.71875 3
1708585623921 0.8125 6
1708585626207 0.703125 9
1708585628676 0.65625 12
1708585631063 0.828125 15
1708585633389 0.765625 18
1708585635685 0.796875 21
1708585637942 0.71875 24
1708585640236 0.734375 27
