1708585569243 2.304138 0
1708585571161 2.280476 1
1708585573220 2.223192 2
1708585575223 2.159283 3
1708585577184 1.971338 4
1708585580091 1.658608 5
1708585582685 1.332895 6
1708585585208 1.036978 7
1708585587709 0.964704 8
1708585590084 0.892052 9
1708585593425 0.804815 0
1708585596073 0.868573 2
1708585598687 0.562245 4
1708585600992 0.84617 6
1708585603463 0.720861 8
1708585605805 0.714211 10
1708585608246 0.739335 12
1708585610712 0.66315 14
1708585612981 0.692719 16
1708585615376 0.70465 18
1708585618946 0.550859 0
1708585621332 0.682182 3
1708585623910 0.431847 6
1708585626198 0.725719 9
1708585628666 0.646205 12
1708585631053 0.646641 15
1708585633379 0.65789 18
1708585635674 0.641313 21
1708585637931 0.674367 24
1708585640226 0.613207 27
